<?xml version="1.0"?>
<opencv_storage>
<cam_corners type_id="opencv-matrix">
  <rows>864</rows>
  <cols>2</cols>
  <dt>f</dt>
  <data>
    3.38285797e+002 3.20304901e+002 3.73398590e+002 3.17975281e+002
    4.08761810e+002 3.15267365e+002 4.44387115e+002 3.12806732e+002
    4.79984283e+002 3.10667694e+002 5.15847107e+002 3.08915955e+002
    5.51482178e+002 3.07366699e+002 5.86761841e+002 3.06310486e+002
    3.38892334e+002 3.54399414e+002 3.74349243e+002 3.51441956e+002
    4.10146362e+002 3.48915924e+002 4.46199066e+002 3.46494019e+002
    4.82383148e+002 3.43932312e+002 5.18404175e+002 3.42274628e+002
    5.54346069e+002 3.40758270e+002 5.90313599e+002 3.39080048e+002
    3.39537872e+002 3.88726715e+002 3.75613312e+002 3.86315369e+002
    4.11602844e+002 3.82650696e+002 4.47852020e+002 3.79386688e+002
    4.84507324e+002 3.77697357e+002 5.21077576e+002 3.76552490e+002
    5.57359619e+002 3.74623016e+002 5.93618652e+002 3.73468170e+002
    3.40582581e+002 4.24015137e+002 3.76473022e+002 4.20393524e+002
    4.13009277e+002 4.17080048e+002 4.50127350e+002 4.14410889e+002
    4.87093719e+002 4.12776886e+002 5.23884399e+002 4.11606415e+002
    5.60509460e+002 4.10099762e+002 5.97109253e+002 4.07781494e+002
    3.41351715e+002 4.58781860e+002 3.77811920e+002 4.55570709e+002
    4.15131561e+002 4.53250885e+002 4.52568970e+002 4.50523621e+002
    4.89938477e+002 4.48629761e+002 5.27130432e+002 4.47230347e+002
    5.63834229e+002 4.45733124e+002 6.00704041e+002 4.43452362e+002
    3.42743866e+002 4.95360962e+002 3.79854523e+002 4.92520630e+002
    4.17371338e+002 4.89932404e+002 4.55241272e+002 4.87623993e+002
    4.92963562e+002 4.85302795e+002 5.30610229e+002 4.83283417e+002
    5.67656982e+002 4.81940247e+002 6.04942932e+002 4.78587891e+002
    3.50600647e+002 2.37135956e+002 4.04592010e+002 2.31928009e+002
    4.59307007e+002 2.26789780e+002 5.14515137e+002 2.22596756e+002
    5.69411743e+002 2.19404419e+002 6.23550232e+002 2.16934204e+002
    6.77435547e+002 2.14602066e+002 7.29533386e+002 2.13654572e+002
    3.53109985e+002 2.90555267e+002 4.07411041e+002 2.85264862e+002
    4.62520813e+002 2.80078674e+002 5.17668701e+002 2.75567627e+002
    5.73027588e+002 2.71856842e+002 6.27777893e+002 2.69048676e+002
    6.81590759e+002 2.66829651e+002 7.34182007e+002 2.65092377e+002
    3.55870148e+002 3.45100159e+002 4.10758026e+002 3.39946960e+002
    4.65725525e+002 3.34463409e+002 5.21503845e+002 3.29458496e+002
    5.77385010e+002 3.25828247e+002 6.31766602e+002 3.23273804e+002
    6.86013733e+002 3.20358704e+002 7.38527344e+002 3.18059540e+002
    3.59370972e+002 4.00245850e+002 4.13532623e+002 3.95091248e+002
    4.69203644e+002 3.89804810e+002 5.25735535e+002 3.85581512e+002
    5.81500977e+002 3.81531464e+002 6.36288574e+002 3.78208038e+002
    6.90118042e+002 3.74717834e+002 7.43230896e+002 3.71592926e+002
    3.62543549e+002 4.55674377e+002 4.17351715e+002 4.51073730e+002
    4.73486298e+002 4.46507660e+002 5.29966797e+002 4.41883087e+002
    5.86250366e+002 4.37483398e+002 6.40877319e+002 4.33494476e+002
    6.94569702e+002 4.29508179e+002 7.47306946e+002 4.25707855e+002
    3.67126648e+002 5.12205200e+002 4.22319550e+002 5.07687653e+002
    4.78405701e+002 5.03246429e+002 5.34587280e+002 4.98541229e+002
    5.90618835e+002 4.93920532e+002 6.45614014e+002 4.89175842e+002
    6.98900940e+002 4.84634399e+002 7.52560608e+002 4.80217865e+002
    2.12286102e+002 2.05096863e+002 2.97919250e+002 2.01839401e+002
    3.87216980e+002 2.00379257e+002 4.79672272e+002 2.01069290e+002
    5.72765625e+002 2.03679199e+002 6.64387817e+002 2.08755692e+002
    7.53178589e+002 2.15486252e+002 8.36928223e+002 2.23527740e+002
    2.11628464e+002 2.92981750e+002 2.96140167e+002 2.91267944e+002
    3.84641449e+002 2.90449219e+002 4.75930145e+002 2.91003876e+002
    5.68251770e+002 2.93103394e+002 6.59029724e+002 2.97256927e+002
    7.46420654e+002 3.02101624e+002 8.29848938e+002 3.08022614e+002
    2.12980042e+002 3.79845612e+002 2.96515839e+002 3.79566650e+002
    3.83130951e+002 3.80871887e+002 4.73411896e+002 3.82692444e+002
    5.64409729e+002 3.83658508e+002 6.53086243e+002 3.85284210e+002
    7.39657104e+002 3.88354523e+002 8.21608276e+002 3.91688995e+002
    2.16309174e+002 4.65607544e+002 2.96622253e+002 4.68029968e+002
    3.82431396e+002 4.70355347e+002 4.71673096e+002 4.72124786e+002
    5.61276123e+002 4.72529968e+002 6.47996704e+002 4.71933258e+002
    7.32281433e+002 4.72315491e+002 8.13825867e+002 4.74241150e+002
    2.19767731e+002 5.49679871e+002 2.99152863e+002 5.53564392e+002
    3.83761871e+002 5.55626038e+002 4.70838837e+002 5.57513489e+002
    5.58390198e+002 5.57285645e+002 6.43147705e+002 5.55235962e+002
    7.25137390e+002 5.53506226e+002 8.04217102e+002 5.52893799e+002
    2.26420700e+002 6.29195251e+002 3.04407959e+002 6.33274292e+002
    3.86598999e+002 6.35589905e+002 4.70824768e+002 6.36261719e+002
    5.55967834e+002 6.37545105e+002 6.39330444e+002 6.35388733e+002
    7.18530090e+002 6.30967834e+002 7.96878357e+002 6.30342041e+002
    5.03387360e+002 1.41644043e+002 5.72327087e+002 1.41149551e+002
    6.39686829e+002 1.41488434e+002 7.05768494e+002 1.43453064e+002
    7.68693298e+002 1.46721436e+002 8.28555847e+002 1.50678528e+002
    8.85975159e+002 1.55749680e+002 9.38825317e+002 1.61450668e+002
    5.04423645e+002 2.07929245e+002 5.73543274e+002 2.06656418e+002
    6.41501099e+002 2.06399658e+002 7.07558411e+002 2.07256271e+002
    7.70738281e+002 2.09020279e+002 8.31448425e+002 2.11859726e+002
    8.88225769e+002 2.16024155e+002 9.41788269e+002 2.20094040e+002
    5.05534882e+002 2.75882294e+002 5.74754089e+002 2.74301636e+002
    6.44072510e+002 2.72773804e+002 7.11612122e+002 2.72278809e+002
    7.74478699e+002 2.73255280e+002 8.33223816e+002 2.75343445e+002
    8.90415222e+002 2.77274292e+002 9.43533569e+002 2.80262817e+002
    5.07353607e+002 3.45343628e+002 5.77282776e+002 3.42633331e+002
    6.46653259e+002 3.40789307e+002 7.13942627e+002 3.40056915e+002
    7.76940369e+002 3.39500702e+002 8.35529785e+002 3.39794312e+002
    8.91353577e+002 3.40172638e+002 9.45815369e+002 3.41309692e+002
    5.09750427e+002 4.14802734e+002 5.79919067e+002 4.12492035e+002
    6.48922607e+002 4.10015747e+002 7.15699646e+002 4.07795990e+002
    7.78912415e+002 4.06091431e+002 8.37295471e+002 4.04612335e+002
    8.92450500e+002 4.03380859e+002 9.45820435e+002 4.02553619e+002
    5.12563354e+002 4.85333221e+002 5.82288879e+002 4.82097137e+002
    6.50607971e+002 4.78886353e+002 7.16318542e+002 4.75557404e+002
    7.80129028e+002 4.73091644e+002 8.39389221e+002 4.69540436e+002
    8.93266113e+002 4.66594818e+002 9.47838928e+002 4.63939850e+002
    3.22503723e+002 2.35262085e+002 3.70518402e+002 2.32953934e+002
    4.19084564e+002 2.30423492e+002 4.67817596e+002 2.28779526e+002
    5.16623962e+002 2.27896744e+002 5.64972290e+002 2.27437454e+002
    6.13075500e+002 2.27408661e+002 6.60349854e+002 2.28398209e+002
    3.22712738e+002 2.83311951e+002 3.70731995e+002 2.80695038e+002
    4.19347809e+002 2.78595490e+002 4.68343719e+002 2.76444305e+002
    5.17551270e+002 2.75193970e+002 5.65805847e+002 2.74548981e+002
    6.13959900e+002 2.74581177e+002 6.61500977e+002 2.74629242e+002
    3.23073639e+002 3.31869904e+002 3.71505096e+002 3.29549744e+002
    4.20192871e+002 3.27103912e+002 4.69447601e+002 3.24754883e+002
    5.18491455e+002 3.23561768e+002 5.66903870e+002 3.23104645e+002
    6.15191895e+002 3.22437958e+002 6.62503357e+002 3.22322723e+002
    3.24124634e+002 3.81313354e+002 3.72044830e+002 3.78642151e+002
    4.21135101e+002 3.76175873e+002 4.70666992e+002 3.74393036e+002
    5.19903687e+002 3.72944580e+002 5.68481079e+002 3.72200684e+002
    6.16331177e+002 3.70837006e+002 6.64221069e+002 3.70272125e+002
    3.24961121e+002 4.30733154e+002 3.73238037e+002 4.28507263e+002
