<?xml version="1.0"?>
<opencv_storage>
<cam_translation_vector_all type_id="opencv-matrix">
  <rows>18</rows>
  <cols>3</cols>
  <dt>f</dt>
  <data>
    -1.99089859e+002 -1.45497726e+002 7.38408325e+002 -1.23761230e+002
    -1.36945404e+002 4.74290833e+002 -1.17496887e+002 -9.29608917e+001
    2.73130859e+002 -3.67478676e+001 -1.47044891e+002 3.74884399e+002
    -1.54347000e+002 -1.54206451e+002 5.26447998e+002 -3.05874290e+001
    -1.53120453e+002 6.66889771e+002 2.28641338e+001 -1.44794022e+002
    8.45665344e+002 5.40749283e+001 -1.42531754e+002 8.58208801e+002
    4.82791138e+001 -1.38209351e+002 8.54682922e+002 -2.22131348e+002
    -1.56248672e+002 9.45482117e+002 1.92276825e+002 -1.47264618e+002
    1.09780981e+003 1.59971039e+002 -2.14383881e+002 1.11730798e+003
    1.53652374e+002 -3.21093506e+002 1.33491309e+003 -2.47911469e+002
    -1.27212845e+002 1.31773523e+003 -4.69733582e+001 -8.57142715e+001
    1.28951233e+003 1.47462006e+002 -1.95532089e+002 8.17319031e+002
    -1.80571976e+002 -1.17576752e+002 7.77077332e+002 -2.78119568e+002
    -1.72439804e+002 9.09761658e+002</data></cam_translation_vector_all>
</opencv_storage>
