<?xml version="1.0"?>
<opencv_storage>
<cam_rotation_all type_id="opencv-matrix">
  <rows>18</rows>
  <cols>3</cols>
  <dt>f</dt>
  <data>
    2.12101698e+000 1.94979358e+000 -3.89568321e-002 2.27242184e+000
    2.09518409e+000 2.10128471e-001 -2.09440231e+000 -2.15545750e+000
    -4.52813476e-001 2.23613572e+000 2.13972116e+000 3.59398007e-001
    2.20217609e+000 2.12023568e+000 3.11331213e-001 2.21226859e+000
    2.23052120e+000 -4.83453274e-002 2.21107960e+000 2.18260288e+000
    -2.95549154e-001 2.13219881e+000 2.16498208e+000 -5.02325296e-001
    1.95433939e+000 1.96292877e+000 -6.95108593e-001 2.05368733e+000
    1.96993184e+000 3.25929560e-002 2.22111344e+000 1.93081462e+000
    -9.73096669e-001 -1.65231872e+000 -2.28325319e+000 5.50271511e-001
    2.03014255e+000 2.12003541e+000 -4.05745089e-001 2.35679626e+000
    1.91607201e+000 -1.53830782e-001 1.90824139e+000 2.02066016e+000
    -2.57976592e-001 2.03421617e+000 2.22160435e+000 -4.53861833e-001
    2.34693956e+000 1.62366271e+000 -1.80799618e-001 2.06610847e+000
    1.95382452e+000 -3.17902006e-002</data></cam_rotation_all>
</opencv_storage>
